25 87 3 24 95
3 58 57
2 2 60
3 2 76
1 9 69
1 89 63
2 75 33
1 46 62
3 11 62
2 83 4
1 25 3
1 100 25
3 33 85
1 42 44
1 61 67
2 27 93
3 58 4
3 59 5
1 94 54
3 67 2
1 98 53
1 98 63
3 53 84
1 92 83
2 64 21
2 4 55
3 34 54
1 40 25
3 92 92
1 45 4
3 42 60
2 92 45
3 12 16
2 10 45
3 4 44
2 84 43
1 72 91
2 38 85
1 53 57
1 66 25
3 69 20
3 91 30
3 41 57
1 16 98
1 8 34
2 67 97
3 98 82
3 65 70
2 88 32
1 51 55
3 93 66
1 90 23
1 49 75
3 34 85
3 46 46
1 36 24
1 94 65
1 32 63
1 38 14
3 39 36
3 15 72
1 38 90
3 87 76
1 50 45
3 95 26
2 38 73
3 58 92
3 2 32
1 85 67
2 95 31
3 23 45
2 42 93
1 13 40
3 49 54
3 65 88
3 57 89
2 48 33
2 99 97
3 69 66
1 52 75
1 36 39
3 22 97
3 71 12
2 76 26
1 91 72
1 59 19
2 14 4
1 52 22
