10 100 54 93 27
1 41 76
2 79 97
3 55 87
2 30 11
3 36 51
3 29 26
2 64 59
3 89 36
2 55 46
1 70 39
1 86 52
2 66 27
2 77 50
2 9 31
1 11 4
2 89 6
2 75 79
3 21 28
3 9 88
2 26 56
2 25 46
1 54 60
3 44 81
3 83 6
3 8 94
1 23 93
3 16 80
3 4 37
1 99 55
3 14 97
3 99 7
3 79 100
3 22 53
1 54 37
3 80 2
1 64 22
1 25 2
1 92 50
3 71 44
2 63 25
1 95 40
2 79 45
2 68 88
1 100 10
3 94 34
1 35 100
1 50 91
3 44 29
3 35 48
1 88 82
3 19 91
3 88 4
3 71 45
3 75 65
1 36 38
2 46 39
1 20 93
3 14 36
1 57 75
3 22 8
3 22 93
2 69 88
3 19 4
3 94 21
2 4 48
1 9 24
3 27 86
3 63 96
3 26 17
2 84 51
3 33 21
2 43 61
2 49 25
1 97 23
1 15 18
3 4 36
3 59 33
3 94 6
3 37 50
3 16 67
1 40 81
1 12 56
1 62 99
1 33 57
2 76 72
3 39 90
1 55 9
3 53 84
3 7 5
2 86 10
1 49 41
2 2 39
2 36 74
2 6 16
3 80 92
2 28 83
3 12 91
2 46 65
2 57 70
1 98 69
