8 91 21 50 69
1 68 40
2 19 16
2 7 89
3 31 80
3 42 56
2 2 69
3 7 49
2 14 82
2 21 10
3 46 18
1 51 80
3 77 40
1 15 73
3 44 46
1 36 34
3 64 35
2 8 40
2 84 32
2 74 65
2 56 59
1 39 54
1 51 20
3 2 83
2 22 75
3 58 53
3 75 19
2 86 66
1 46 40
2 5 84
1 11 70
3 33 50
1 72 28
1 47 55
2 5 63
2 79 98
3 26 29
1 25 43
1 23 12
3 19 74
2 28 70
1 10 53
1 3 34
2 20 98
2 5 14
2 78 68
3 41 4
1 9 93
3 28 36
2 74 85
2 19 57
2 72 48
2 95 25
1 14 45
2 7 16
1 66 69
2 47 81
1 49 32
1 15 100
2 12 81
1 9 86
2 83 10
3 53 100
2 77 13
2 79 93
1 12 80
2 67 48
2 9 18
1 32 92
3 46 59
2 2 68
2 49 37
3 8 20
1 70 15
3 95 57
3 83 74
1 9 64
2 1 64
3 91 10
2 37 74
3 36 12
1 90 29
2 35 42
2 85 10
3 84 21
1 70 83
2 54 20
3 100 78
1 55 98
3 97 47
2 25 43
3 8 57
