32
26 28 12 88 48
2 69 82
1 99 11
3 3 60
3 98 87
3 67 92
1 18 37
2 51 85
3 78 95
1 77 96
1 70 17
1 92 99
1 14 67
2 64 78
1 93 74
2 95 82
3 85 39
1 32 84
1 28 45
3 51 81
3 32 38
1 4 30
1 42 79
2 76 11
1 27 47
1 99 67
3 5 5
1 55 96
1 73 47
8 4 8 54 30
3 63 11
2 57 68
3 40 34
1 35 75
100 1 63 52 72
1 8 10
54 6 40 69 86
2 70 93
2 40 25
1 15 78
1 50 71
3 95 89
1 38 88
12 68 76 66 50
1 77 23
3 26 44
3 5 37
2 79 44
1 12 8
1 15 21
2 70 61
3 85 93
1 66 69
2 21 88
1 74 39
2 28 15
1 72 78
1 30 13
2 43 2
3 39 5
1 14 28
3 74 7
3 1 21
3 69 65
3 58 30
1 59 88
3 67 99
3 100 47
3 21 82
1 31 66
3 38 17
2 14 42
3 62 87
3 13 5
2 76 75
2 90 29
2 49 29
2 16 2
1 14 44
3 71 60
1 65 18
2 38 30
2 71 70
3 3 1
2 78 20
1 33 3
3 66 21
1 24 94
3 7 65
3 28 55
2 97 11
2 66 78
2 92 21
1 93 8
3 98 84
3 78 51
2 4 69
2 45 74
1 50 10
3 58 19
2 27 68
3 95 73
1 50 41
3 26 63
2 64 21
1 98 65
3 70 88
1 58 52
2 8 73
2 16 74
1 86 22
2 48 31
8 91 21 50 69
1 68 40
2 19 16
2 7 89
3 31 80
3 42 56
2 2 69
3 7 49
2 14 82
2 21 10
3 46 18
1 51 80
3 77 40
1 15 73
3 44 46
1 36 34
3 64 35
2 8 40
2 84 32
2 74 65
2 56 59
1 39 54
1 51 20
3 2 83
2 22 75
3 58 53
3 75 19
2 86 66
1 46 40
2 5 84
1 11 70
3 33 50
1 72 28
1 47 55
2 5 63
2 79 98
3 26 29
1 25 43
1 23 12
3 19 74
2 28 70
1 10 53
1 3 34
2 20 98
2 5 14
2 78 68
3 41 4
1 9 93
3 28 36
2 74 85
2 19 57
2 72 48
2 95 25
1 14 45
2 7 16
1 66 69
2 47 81
1 49 32
1 15 100
2 12 81
1 9 86
2 83 10
3 53 100
2 77 13
2 79 93
1 12 80
2 67 48
2 9 18
1 32 92
3 46 59
2 2 68
2 49 37
3 8 20
1 70 15
3 95 57
3 83 74
1 9 64
2 1 64
3 91 10
2 37 74
3 36 12
1 90 29
2 35 42
2 85 10
3 84 21
1 70 83
2 54 20
3 100 78
1 55 98
3 97 47
2 25 43
3 8 57
90 2 15 24 18
3 94 59
3 30 10
19 4 14 75 88
1 3 95
1 85 7
1 20 77
2 11 26
10 100 54 93 27
1 41 76
2 79 97
3 55 87
2 30 11
3 36 51
3 29 26
2 64 59
3 89 36
2 55 46
1 70 39
1 86 52
2 66 27
2 77 50
2 9 31
1 11 4
2 89 6
2 75 79
3 21 28
3 9 88
2 26 56
2 25 46
1 54 60
3 44 81
3 83 6
3 8 94
1 23 93
3 16 80
3 4 37
1 99 55
3 14 97
3 99 7
3 79 100
3 22 53
1 54 37
3 80 2
1 64 22
1 25 2
1 92 50
3 71 44
2 63 25
1 95 40
2 79 45
2 68 88
1 100 10
3 94 34
1 35 100
1 50 91
3 44 29
3 35 48
1 88 82
3 19 91
3 88 4
3 71 45
3 75 65
1 36 38
2 46 39
1 20 93
3 14 36
1 57 75
3 22 8
3 22 93
2 69 88
3 19 4
3 94 21
2 4 48
1 9 24
3 27 86
3 63 96
3 26 17
2 84 51
3 33 21
2 43 61
2 49 25
1 97 23
1 15 18
3 4 36
3 59 33
3 94 6
3 37 50
3 16 67
1 40 81
1 12 56
1 62 99
1 33 57
2 76 72
3 39 90
1 55 9
3 53 84
3 7 5
2 86 10
1 49 41
2 2 39
2 36 74
2 6 16
3 80 92
2 28 83
3 12 91
2 46 65
2 57 70
1 98 69
27 52 65 86 87
1 31 10
3 72 39
2 55 100
1 16 3
2 39 90
2 34 62
1 31 31
2 21 19
3 20 96
1 24 45
1 9 86
2 97 5
3 69 95
3 82 6
2 38 52
3 99 64
3 67 26
3 88 52
2 41 96
2 6 84
3 5 99
3 40 86
3 30 43
2 31 13
2 2 31
2 73 17
3 67 73
2 52 80
2 28 18
1 19 32
3 31 39
1 20 100
1 59 58
2 67 57
1 20 42
3 50 72
1 43 44
1 94 18
2 70 46
3 84 95
2 56 22
3 30 6
3 31 22
3 59 89
3 45 46
3 19 67
3 49 46
1 65 46
2 24 74
2 23 58
1 58 89
1 27 36
20 30 27 83 78
3 67 25
1 21 96
3 96 84
3 24 86
1 6 39
2 86 6
3 38 80
1 76 99
1 40 1
2 26 86
3 50 2
3 61 85
3 40 97
1 74 71
2 32 57
2 41 2
1 87 61
1 12 76
2 25 74
1 37 85
1 78 3
1 61 75
2 66 55
1 58 4
3 19 22
1 84 93
2 89 3
3 30 81
1 11 45
3 79 24
7 27 43 58 3
1 83 17
3 78 54
2 96 67
3 52 85
2 28 1
2 84 30
3 31 61
3 5 1
3 81 55
2 6 98
3 62 56
2 2 47
1 21 1
1 94 61
1 85 85
1 46 61
3 46 37
2 86 52
3 36 18
3 6 99
2 75 41
2 7 74
2 66 29
1 37 88
1 73 16
2 73 39
3 36 65
48 18 33 18 73
2 48 52
2 86 54
1 58 29
1 10 39
2 32 16
3 33 57
3 27 34
3 92 97
1 2 81
3 35 62
1 16 78
2 49 87
2 2 41
2 78 55
3 76 68
1 82 87
1 39 63
3 96 4
32 15 47 52 83
1 91 83
3 25 45
2 31 13
2 67 95
2 66 72
3 53 58
2 71 76
3 14 37
3 50 86
1 66 17
3 15 6
2 68 7
3 93 50
1 41 83
1 6 97
88 9 25 6 52
3 60 15
2 61 49
3 32 57
3 94 47
3 25 28
2 61 44
1 85 48
1 90 77
2 67 86
12 55 71 21 44
2 49 94
1 51 78
2 45 97
1 30 42
2 98 48
2 65 5
2 5 26
1 10 44
3 24 54
3 83 74
1 3 21
2 93 46
2 65 100
3 80 61
1 4 17
3 63 14
1 12 38
1 86 77
1 57 50
3 82 52
3 47 98
2 89 61
1 5 94
1 48 20
2 61 72
3 10 60
2 12 11
2 21 24
1 18 100
1 52 73
1 42 51
1 66 74
3 70 21
2 61 23
3 43 35
2 56 91
2 52 52
1 54 76
3 62 4
3 44 91
3 94 2
1 14 89
2 43 32
3 29 76
2 98 63
3 78 99
1 3 16
1 68 83
3 77 49
3 21 49
2 39 71
3 57 37
3 50 1
3 40 69
1 54 82
12 57 44 58 37
3 14 70
1 45 32
2 34 48
3 73 81
1 30 9
2 24 98
2 61 36
3 85 40
1 38 63
1 14 89
2 54 6
2 69 27
3 57 42
2 35 34
1 62 82
3 11 85
2 41 71
2 47 94
2 53 51
1 23 70
1 98 92
2 58 84
2 86 52
2 83 18
3 6 75
1 40 2
1 2 58
3 60 29
1 80 76
1 81 83
3 18 79
2 99 60
1 25 20
1 35 57
3 77 33
2 60 18
2 60 93
2 62 95
1 76 78
2 28 60
3 70 31
3 7 14
1 28 19
3 29 54
3 33 55
2 38 94
3 77 31
3 100 27
3 4 65
1 49 81
2 62 8
2 54 76
2 6 16
2 76 85
1 9 96
1 1 26
1 28 6
38 35 61 7 62
1 91 94
3 86 13
3 45 40
1 99 74
1 95 70
1 82 86
3 58 33
1 56 88
1 1 47
3 7 30
1 51 92
2 47 24
2 63 26
3 6 7
3 28 89
1 18 74
1 2 80
2 17 70
2 90 86
2 2 9
1 11 72
3 48 43
1 39 15
1 31 81
2 6 2
1 11 97
2 72 35
1 27 22
1 29 2
1 11 98
1 8 68
3 75 42
3 44 33
2 94 96
1 78 45
98 14 59 84 76
2 57 73
2 51 41
2 7 63
3 26 88
2 27 63
1 63 65
2 59 86
3 82 70
3 100 78
1 9 98
3 52 78
2 43 31
1 16 66
2 60 54
33 26 97 52 1
1 54 18
1 56 62
1 12 53
1 67 18
2 2 25
2 42 19
3 14 98
1 77 95
1 1 77
1 48 23
2 37 79
1 28 86
1 26 87
2 48 75
3 5 47
3 53 40
2 100 90
2 27 54
3 39 7
1 96 59
3 74 61
2 35 45
3 26 75
1 80 20
1 5 19
3 26 85
54 23 41 48 20
1 63 98
1 84 62
1 25 47
1 71 37
2 80 48
3 61 26
1 6 18
3 3 78
2 28 25
2 73 92
3 65 77
2 94 16
2 43 5
3 7 28
3 41 88
2 54 62
3 60 55
3 67 37
2 89 41
3 4 79
2 77 30
3 39 85
2 80 60
25 87 3 24 95
3 58 57
2 2 60
3 2 76
1 9 69
1 89 63
2 75 33
1 46 62
3 11 62
2 83 4
1 25 3
1 100 25
3 33 85
1 42 44
1 61 67
2 27 93
3 58 4
3 59 5
1 94 54
3 67 2
1 98 53
1 98 63
3 53 84
1 92 83
2 64 21
2 4 55
3 34 54
1 40 25
3 92 92
1 45 4
3 42 60
2 92 45
3 12 16
2 10 45
3 4 44
2 84 43
1 72 91
2 38 85
1 53 57
1 66 25
3 69 20
3 91 30
3 41 57
1 16 98
1 8 34
2 67 97
3 98 82
3 65 70
2 88 32
1 51 55
3 93 66
1 90 23
1 49 75
3 34 85
3 46 46
1 36 24
1 94 65
1 32 63
1 38 14
3 39 36
3 15 72
1 38 90
3 87 76
1 50 45
3 95 26
2 38 73
3 58 92
3 2 32
1 85 67
2 95 31
3 23 45
2 42 93
1 13 40
3 49 54
3 65 88
3 57 89
2 48 33
2 99 97
3 69 66
1 52 75
1 36 39
3 22 97
3 71 12
2 76 26
1 91 72
1 59 19
2 14 4
1 52 22
37 33 9 70 5
1 2 66
1 86 33
3 90 63
1 76 70
2 58 51
3 83 69
2 59 6
3 50 64
2 83 38
3 79 93
3 97 85
3 4 74
1 67 59
3 88 43
3 20 29
2 23 42
1 68 52
3 11 82
2 30 88
2 23 95
1 34 77
2 39 74
1 76 48
1 91 77
3 21 22
2 54 69
1 5 68
2 55 37
2 37 92
2 56 46
3 7 23
1 61 94
1 94 46
1 4 16 50 36
1 45 93
3 97 43
3 44 65
2 89 37
10 5 8 20 5
1 6 4
1 3 1
2 8 1
3 5 5
1 14 4
10 5 10 20 16
3 25 100
2 4 1
2 6 10
2 8 12
2 5 1
32 3 2 3 32
3 2 1
3 2 2
1 32 2
10 5 20 100 100
2 100 10
2 100 10
1 50 20
1 60 20
1 99 10
10 10 100 100 100
2 10 10
2 10 10
2 10 10
2 10 10
2 10 10
2 10 10
2 10 10
2 10 10
2 10 10
1 100 100
10 10 100 100 100
2 10 10
2 10 10
2 10 10
2 10 10
2 10 10
2 10 10
2 10 10
2 10 10
2 10 10
1 100 10
42 5 10 100 43
3 25 2
3 25 2
3 25 2
3 45 7
3 25 2
42 5 10 100 43
3 25 1
3 25 1
3 25 1
3 24 5
3 86 5
