12 68 76 66 50
1 77 23
3 26 44
3 5 37
2 79 44
1 12 8
1 15 21
2 70 61
3 85 93
1 66 69
2 21 88
1 74 39
2 28 15
1 72 78
1 30 13
2 43 2
3 39 5
1 14 28
3 74 7
3 1 21
3 69 65
3 58 30
1 59 88
3 67 99
3 100 47
3 21 82
1 31 66
3 38 17
2 14 42
3 62 87
3 13 5
2 76 75
2 90 29
2 49 29
2 16 2
1 14 44
3 71 60
1 65 18
2 38 30
2 71 70
3 3 1
2 78 20
1 33 3
3 66 21
1 24 94
3 7 65
3 28 55
2 97 11
2 66 78
2 92 21
1 93 8
3 98 84
3 78 51
2 4 69
2 45 74
1 50 10
3 58 19
2 27 68
3 95 73
1 50 41
3 26 63
2 64 21
1 98 65
3 70 88
1 58 52
2 8 73
2 16 74
1 86 22
2 48 31
